#
#
#

hidden
i M o

observables
A C E D G F I H K M L N Q P S R T W V Y

pi
0.55 0.0 0.45

transitions
0.979309928821 0.0206900711787 0.0
0.0232023136585 0.954252662022 0.0225450243197
0.0 0.0113278993646 0.988672100635

emissions
0.0787958743104 0.0145718397697 0.0672223554809 0.0491124970017 0.069980810746 0.0342408251379 0.0429959222835 0.0230271048213 0.0707603741905 0.0278244183257 0.0829935236268 0.0407771647877 0.0403573998561 0.0534300791557 0.0715999040537 0.0821539937635 0.0532501798993 0.0130726792996 0.0572079635404 0.0266250899496
0.108912843434 0.0189956618904 0.00723018272644 0.00683580912318 0.0817010648087 0.0900486394111 0.120021033259 0.00795320099908 0.00512685684238 0.040489023268 0.168397528592 0.0164322334692 0.00926777967661 0.0278033390298 0.0529775207046 0.00545550151177 0.0496253450769 0.027211778625 0.115091363218 0.0404232943342 
0.0662311042788 0.0229631053036 0.0596336151678 0.0554701511658 0.0699782218806 0.0410901870356 0.0470791698693 0.0224506789649 0.0471111965155 0.023603638227 0.0887778631822 0.0512106072252 0.0442287983602 0.0560146041507 0.0709710479119 0.0500576479631 0.0629003330771 0.0192480143479 0.063444786062 0.0375352293108



state i:
transition to i: 0.979309928821 
transition to M: 0.0206900711787
transition to o: 0.0
A: 0.078795
C: 0.014571
E: 0.067222
D: 0.049112
G: 0.069980
F: 0.034240
I: 0.042995
H: 0.023027
K: 0.070760
M: 0.027824
L: 0.082993
N: 0.040777
Q: 0.040357
P: 0.053430
S: 0.071599
R: 0.082153
T: 0.053250
W: 0.013072
V: 0.057207
Y: 0.026625

state M:
transition to i: 0.0232023136585 
transition to M: 0.954252662022 
transition to o: 0.0225450243197
A: 0.108912
C: 0.018995
E: 0.007230
D: 0.006835
G: 0.081701
F: 0.090048
I: 0.120021
H: 0.007953
K: 0.005126
M: 0.040489
L: 0.168397
N: 0.016432
Q: 0.009267
P: 0.027803
S: 0.052977
R: 0.005455
T: 0.049625
W: 0.027211
V: 0.115091
Y: 0.040423

state o:
transition to i: 0.0 
transition to M: 0.0113278993646 
transition to o: 0.988672100635
A: 0.066231
C: 0.022963
E: 0.059633
D: 0.055470
G: 0.069978
F: 0.041090
I: 0.047079
H: 0.022450
K: 0.047111
M: 0.023603
L: 0.088777
N: 0.051210
Q: 0.044228
P: 0.056014
S: 0.070971
R: 0.050057
T: 0.062900
W: 0.019248
V: 0.063444
Y: 0.037535