#
#
#

hidden
i M N o

observables
A C E D G F I H K M L N Q P S R T W V Y

pi
0.55 0.0 0.0 0.45

transitions
0.979309928821 0.0206900711787 0.0 0.0
0.0 0.954052243804 0.0 0.0459477561956
0.0455542650665 0.0 0.954445734934 0.0
0.0 0.0 0.0113278993646 0.988672100635

emissions
0.0787958743104 0.0145718397697 0.0672223554809 0.0491124970017 0.069980810746 0.0342408251379 0.0429959222835 0.0230271048213 0.0707603741905 0.0278244183257 0.0829935236268 0.0407771647877 0.0403573998561 0.0534300791557 0.0715999040537 0.0821539937635 0.0532501798993 0.0130726792996 0.0572079635404 0.0266250899496
0.110515740121 0.0164768921634 0.00763563295378 0.00616208975218 0.0802411252512 0.0912257200268 0.115740120563 0.0060281312793 0.00535833891494 0.0388479571333 0.174012056263 0.016878767582 0.0085733422639 0.0305425318151 0.052913596785 0.00683188211654 0.0530475552579 0.0288010716678 0.11373074347 0.0364367046216
0.107368692735 0.0214221189831 0.00683959220545 0.00748483675313 0.0831074977416 0.0889146986708 0.124145050974 0.00980771712479 0.0049038585624 0.042069944509 0.162988772745 0.0160020647826 0.00993676603433 0.0251645373597 0.0530391018196 0.00412956510517 0.0463285585237 0.0256807329978 0.116402116402 0.0442637759711
0.0662311042788 0.0229631053036 0.0596336151678 0.0554701511658 0.0699782218806 0.0410901870356 0.0470791698693 0.0224506789649 0.0471111965155 0.023603638227 0.0887778631822 0.0512106072252 0.0442287983602 0.0560146041507 0.0709710479119 0.0500576479631 0.0629003330771 0.0192480143479 0.063444786062 0.0375352293108



state i:
transition to i: 0.979309
transition to M: 0.020690
transition to N: 0.0 
transition to o: 0.0
A: 0.078795
C: 0.014571
E: 0.067222
D: 0.049112
G: 0.069980
F: 0.034240
I: 0.042995
H: 0.023027
K: 0.070760
M: 0.027824
L: 0.082993
N: 0.040777
Q: 0.040357
P: 0.053430
S: 0.071599
R: 0.082153
T: 0.053250
W: 0.013072
V: 0.057207
Y: 0.026625

state M:
transition to i: 0.0 
transition to M: 0.954052
transition to N: 0.0 
transition to o: 0.045947
A: 0.110515
C: 0.016476
E: 0.007635
D: 0.006162
G: 0.080241
F: 0.091225
I: 0.115740
H: 0.006028
K: 0.005358
M: 0.038847
L: 0.174012
N: 0.016878
Q: 0.008573
P: 0.030542
S: 0.052913
R: 0.006831
T: 0.053047
W: 0.028801
V: 0.113730
Y: 0.036436

state N:
transition to i: 0.045554
transition to M: 0.0 
transition to N: 0.954445
transition to o: 0.0
A: 0.107368
C: 0.021422
E: 0.006839
D: 0.007484
G: 0.083107
F: 0.088914
I: 0.124145
H: 0.009807
K: 0.004903
M: 0.042069
L: 0.162988
N: 0.016002
Q: 0.009936
P: 0.025164
S: 0.053039
R: 0.004129
T: 0.046328
W: 0.025680
V: 0.116402
Y: 0.044263

state o:
transition to i: 0.0 
transition to M: 0.0 
transition to N: 0.011327
transition to o: 0.988672
A: 0.066231
C: 0.022963
E: 0.059633
D: 0.055470
G: 0.069978
F: 0.041090
I: 0.047079
H: 0.022450
K: 0.047111
M: 0.023603
L: 0.088777
N: 0.051210
Q: 0.044228
P: 0.056014
S: 0.070971
R: 0.050057
T: 0.062900
W: 0.019248
V: 0.063444
Y: 0.037535